22.jpg 0.00 0.00 0.00 0.00 1.44 0.00 0.74 1.22 2.54 1.76 0.00 0.00 0.16 0.00 1.89 0.69 0.13
66.jpg 0.00 0.00 0.00 0.00 1.37 0.37 1.35 1.01 2.37 1.36 0.20 0.00 0.25 0.00 1.95 0.94 1.54
38.jpg 0.22 0.02 0.00 0.00 0.99 0.29 0.30 0.63 2.35 1.31 0.00 0.00 0.00 0.00 1.44 0.99 0.31
33.jpg 0.00 0.00 0.00 0.00 1.37 0.00 1.00 1.73 2.52 1.16 0.00 0.00 0.00 0.00 2.25 0.73 0.00
39.jpg 0.32 0.04 0.00 0.00 0.98 0.05 0.28 0.67 2.31 1.36 0.00 0.00 0.13 0.00 1.50 0.68 0.24
30.jpg 0.00 0.00 0.00 0.00 1.31 0.00 0.76 1.15 2.51 1.53 0.00 0.00 0.00 0.00 1.68 0.76 0.01
12.jpg 0.00 0.00 0.00 0.00 1.25 0.97 1.11 0.59 2.04 1.47 0.00 0.00 0.38 0.00 1.61 0.66 0.00
35.jpg 0.00 0.00 0.00 0.00 1.27 0.00 0.68 1.52 2.52 1.18 0.00 0.00 0.00 0.00 2.08 0.58 0.20
40.jpg 0.32 0.00 0.00 0.10 0.90 0.17 0.36 0.83 2.22 1.27 0.00 0.00 0.29 0.00 1.59 0.65 0.24
11.jpg 0.00 0.00 0.00 0.00 1.09 0.69 1.13 0.64 1.97 1.32 0.04 0.00 0.30 0.00 1.63 0.59 0.00
50.jpg 0.35 0.05 0.00 0.00 0.75 0.68 0.09 0.53 2.10 1.71 0.00 0.00 0.36 0.06 0.55 0.48 0.02
74.jpg 0.00 0.00 0.00 0.25 0.00 0.23 1.00 0.00 0.45 0.96 1.33 0.00 0.90 0.68 0.00 1.79 0.00
42.jpg 0.16 0.00 0.00 0.00 1.00 0.27 0.74 1.22 2.12 1.26 0.11 0.00 0.00 0.00 1.68 0.41 0.09
3.jpg 0.00 0.00 0.00 0.00 0.92 0.19 0.90 0.64 1.94 1.41 0.00 0.00 0.66 0.00 1.14 0.34 0.00
77.jpg 0.00 0.00 0.00 0.67 0.00 0.00 0.84 0.00 0.53 0.83 1.44 0.00 0.42 0.68 0.00 1.20 0.10
14.jpg 0.00 0.00 0.00 0.00 1.45 0.75 1.14 0.49 2.17 1.34 0.00 0.00 0.22 0.00 1.43 0.33 0.48
25.jpg 0.00 0.00 0.00 0.00 1.44 0.09 0.91 1.33 2.48 1.54 0.00 0.00 0.00 0.00 1.88 0.57 0.00
32.jpg 0.00 0.00 0.00 0.00 1.37 0.00 0.91 1.58 2.53 1.32 0.00 0.00 0.00 0.00 2.10 0.89 0.00
81.jpg 0.00 0.00 0.00 0.04 0.52 0.13 1.99 0.97 0.67 1.12 1.27 0.00 0.27 0.00 0.03 0.66 0.00
55.jpg 0.21 0.37 0.00 0.05 0.50 0.25 0.02 0.70 1.97 1.72 0.00 0.00 0.50 0.18 0.08 0.40 0.06
49.jpg 0.32 0.00 0.00 0.00 0.76 0.74 0.28 0.97 2.02 1.74 0.00 0.00 0.29 0.00 1.46 0.51 0.00
21.jpg 0.00 0.00 0.00 0.00 1.44 0.21 0.87 1.09 2.49 1.60 0.00 0.00 0.00 0.00 1.78 0.59 0.19
52.jpg 0.29 0.00 0.00 0.21 0.61 0.97 0.21 0.75 1.75 1.79 0.00 0.00 0.34 0.13 0.94 0.90 0.00
15.jpg 0.00 0.00 0.00 0.00 1.63 0.73 1.22 0.90 2.30 1.27 0.00 0.00 0.00 0.00 1.53 0.55 0.66
48.jpg 0.46 0.00 0.00 0.00 1.04 0.82 0.55 1.22 2.25 1.84 0.00 0.00 0.48 0.00 1.95 0.69 0.00
80.jpg 0.00 0.00 0.00 0.28 0.44 0.00 1.29 0.59 0.80 1.06 1.28 0.00 0.04 0.12 0.00 0.89 0.00
67.jpg 0.00 0.01 0.00 0.00 0.54 0.03 1.55 0.00 1.20 0.80 0.67 0.00 0.64 0.00 0.84 0.76 1.16
16.jpg 0.00 0.00 0.00 0.00 1.60 0.45 1.25 0.96 2.35 1.38 0.00 0.00 0.00 0.00 1.58 0.52 0.78
26.jpg 0.00 0.00 0.00 0.00 1.32 0.00 0.95 1.46 2.45 1.76 0.00 0.00 0.00 0.00 1.68 0.80 0.00
78.jpg 0.00 0.00 0.00 0.43 0.00 0.00 1.04 0.00 0.55 0.63 1.45 0.00 0.52 0.58 0.00 1.35 0.08
37.jpg 0.25 0.01 0.00 0.13 1.16 0.35 0.51 1.09 2.38 1.31 0.13 0.00 0.00 0.00 1.70 0.95 0.29
43.jpg 0.24 0.00 0.00 0.00 0.99 0.40 0.59 1.20 2.18 0.86 0.00 0.00 0.00 0.00 1.75 0.72 0.08
79.jpg 0.00 0.00 0.00 0.30 0.12 0.00 1.11 0.00 0.62 0.42 1.37 0.00 0.14 0.37 0.00 0.84 0.10
8.jpg 0.00 0.00 0.00 0.00 1.14 0.17 1.03 0.70 1.98 1.42 0.00 0.00 0.45 0.00 1.55 0.34 0.00
17.jpg 0.00 0.00 0.00 0.00 1.60 0.59 1.23 1.04 2.35 1.42 0.00 0.00 0.11 0.00 1.67 0.81 0.57
34.jpg 0.00 0.00 0.00 0.00 1.40 0.00 0.81 1.58 2.54 1.12 0.00 0.00 0.00 0.00 2.28 0.88 0.04
65.jpg 0.00 0.00 0.00 0.00 1.53 0.08 1.19 1.40 2.45 1.66 0.13 0.00 0.29 0.00 2.36 1.03 1.34
53.jpg 0.27 0.00 0.00 0.00 0.63 0.88 0.29 0.76 1.83 1.90 0.00 0.00 0.49 0.05 0.96 0.91 0.00
69.jpg 0.00 0.00 0.00 0.07 0.26 0.39 1.29 0.00 0.31 0.77 0.87 0.00 1.37 0.30 0.38 1.19 0.58
51.jpg 0.30 0.04 0.00 0.00 0.57 0.47 0.12 0.57 1.89 1.62 0.00 0.00 0.23 0.12 0.48 0.53 0.00
6.jpg 0.00 0.00 0.00 0.00 0.89 0.03 0.98 0.60 1.90 1.30 0.00 0.00 0.54 0.00 1.18 0.01 0.00
4.jpg 0.00 0.00 0.00 0.00 0.87 0.00 0.90 0.59 1.91 1.52 0.00 0.00 0.73 0.00 1.12 0.20 0.00
44.jpg 0.34 0.00 0.00 0.00 0.94 0.26 0.46 1.06 2.19 1.45 0.00 0.00 0.00 0.23 1.09 0.76 0.02
13.jpg 0.00 0.00 0.00 0.00 1.32 0.81 1.14 0.67 2.12 1.16 0.00 0.00 0.22 0.00 1.51 0.39 0.11
1.jpg 0.00 0.00 0.00 0.00 0.97 0.01 0.90 0.76 1.91 1.36 0.00 0.00 0.49 0.00 1.22 0.22 0.00
2.jpg 0.00 0.00 0.00 0.00 1.02 0.00 1.07 0.74 1.96 1.33 0.00 0.00 0.54 0.00 1.18 0.26 0.00
56.jpg 0.64 0.34 0.00 0.17 0.55 0.72 0.41 0.78 1.81 1.58 0.01 0.00 0.57 0.00 0.99 0.88 0.00
27.jpg 0.00 0.00 0.00 0.00 1.38 0.00 0.76 1.24 2.52 1.70 0.00 0.00 0.00 0.00 1.61 0.88 0.03
57.jpg 0.42 0.20 0.00 0.00 0.69 0.57 0.69 1.24 1.59 2.05 0.30 0.00 1.15 0.00 1.60 1.14 0.00
60.jpg 0.01 0.39 0.00 0.00 1.21 0.46 1.21 1.35 1.60 2.23 0.62 0.00 1.31 0.00 1.56 0.88 0.07
71.jpg 0.00 0.38 0.00 0.04 0.20 1.14 1.17 0.00 0.26 0.36 0.76 0.00 0.92 0.08 0.52 1.82 0.29
62.jpg 0.00 0.00 0.00 0.00 1.44 0.54 1.02 1.70 2.07 2.06 0.00 0.00 0.83 0.00 3.09 0.94 0.04
46.jpg 0.27 0.00 0.00 0.00 0.87 0.60 0.39 0.89 2.03 1.58 0.00 0.00 0.14 0.08 1.34 0.88 0.04
76.jpg 0.00 0.00 0.00 0.36 0.00 0.23 0.91 0.00 0.65 1.21 1.39 0.00 0.79 0.63 0.00 1.46 0.08
70.jpg 0.00 0.05 0.00 0.27 0.19 1.08 1.04 0.00 0.31 0.50 0.85 0.00 1.27 0.21 0.48 1.27 0.44
24.jpg 0.00 0.00 0.00 0.00 1.47 0.00 0.90 1.43 2.61 1.57 0.00 0.00 0.00 0.00 2.03 0.75 0.05
59.jpg 0.45 0.81 0.00 0.35 0.95 0.67 0.99 1.12 1.52 2.26 0.64 0.00 1.43 0.00 1.60 1.06 0.00
7.jpg 0.00 0.00 0.00 0.00 1.06 0.27 1.02 0.70 1.90 1.44 0.00 0.00 0.48 0.00 1.14 0.00 0.00
64.jpg 0.00 0.00 0.00 0.00 1.65 0.68 1.18 1.76 2.49 1.66 0.03 0.00 0.52 0.00 2.73 0.75 1.21
9.jpg 0.00 0.00 0.00 0.00 1.20 0.68 1.18 0.86 1.90 1.41 0.00 0.00 0.52 0.00 1.92 0.53 0.00
72.jpg 0.00 0.02 0.00 0.24 0.00 0.98 1.13 0.00 0.29 0.97 1.06 0.00 1.33 0.36 0.26 1.79 0.03
63.jpg 0.00 0.00 0.00 0.00 1.74 0.47 1.28 1.66 2.37 1.88 0.00 0.00 0.53 0.00 2.92 1.01 0.35
19.jpg 0.00 0.00 0.00 0.00 1.62 0.44 1.25 1.17 2.43 1.65 0.00 0.00 0.04 0.00 1.70 0.85 0.41
20.jpg 0.00 0.00 0.00 0.00 1.49 0.19 1.17 1.24 2.48 1.56 0.00 0.00 0.23 0.00 1.77 0.79 0.19
47.jpg 0.25 0.00 0.00 0.00 0.90 0.47 0.41 0.96 2.13 1.66 0.05 0.00 0.40 0.03 1.59 0.88 0.03
29.jpg 0.00 0.00 0.00 0.00 1.33 0.00 0.85 1.25 2.38 1.48 0.00 0.00 0.11 0.00 1.70 1.05 0.00
36.jpg 0.00 0.00 0.00 0.08 1.44 0.45 0.68 1.14 2.44 1.51 0.11 0.00 0.09 0.00 1.95 0.88 0.37
68.jpg 0.00 0.00 0.00 0.00 0.30 0.00 1.14 0.00 0.76 0.95 0.91 0.00 1.21 0.46 0.57 1.26 1.01
73.jpg 0.00 0.00 0.00 0.27 0.00 0.28 1.16 0.00 0.43 1.39 1.30 0.00 1.16 0.68 0.00 1.90 0.07
18.jpg 0.00 0.00 0.00 0.00 1.50 0.55 1.10 0.99 2.42 1.33 0.00 0.00 0.00 0.00 1.63 0.84 0.49
58.jpg 0.86 1.24 0.00 0.34 0.76 0.23 0.63 1.08 1.65 2.15 0.51 0.00 1.34 0.00 1.89 1.51 0.00
54.jpg 0.30 0.37 0.00 0.00 0.37 0.08 0.00 0.52 1.99 1.69 0.07 0.00 0.42 0.25 0.13 0.17 0.03
10.jpg 0.00 0.00 0.00 0.00 1.11 0.59 1.15 0.80 1.87 1.36 0.01 0.00 0.43 0.00 1.87 0.81 0.00
5.jpg 0.00 0.00 0.00 0.00 0.95 0.00 1.05 0.70 1.90 1.48 0.00 0.00 0.69 0.00 1.16 0.02 0.00
28.jpg 0.00 0.00 0.00 0.00 1.31 0.00 0.69 1.17 2.54 1.48 0.00 0.00 0.07 0.00 1.76 0.94 0.00
45.jpg 0.06 0.00 0.00 0.00 0.91 0.32 0.26 0.79 2.17 1.62 0.00 0.00 0.00 0.10 1.13 0.90 0.13
61.jpg 0.00 0.00 0.00 0.00 1.36 0.25 1.01 1.49 1.80 2.20 0.08 0.00 1.29 0.00 2.84 1.11 0.00
23.jpg 0.00 0.00 0.00 0.00 1.53 0.00 0.91 1.27 2.60 1.70 0.00 0.00 0.02 0.00 2.05 0.66 0.00
31.jpg 0.00 0.00 0.00 0.00 1.35 0.00 0.74 1.03 2.49 1.49 0.00 0.00 0.06 0.00 1.77 0.85 0.05
41.jpg 0.19 0.00 0.00 0.00 1.03 0.41 0.68 0.96 2.17 1.29 0.04 0.00 0.00 0.00 1.57 0.56 0.07
75.jpg 0.00 0.00 0.00 0.35 0.00 0.21 1.00 0.00 0.57 1.41 1.27 0.00 0.84 0.88 0.00 1.99 0.13
